A=[9.000 24.000 14.189 20.950
24.000 13.200 13.679 21.718
33.000 4.800 13.491 21.467
45.000 10.800 14.406 21.713
39.000 27.000 13.075 20.034
54.000 30.000 15.234 20.153
15.000 39.000 13.270 18.188
36.000 42.000 12.239 16.008
27.000 48.000 12.835 15.197
48.000 48.000 14.574 16.280
15.000 42.000 12.624 16.907
18.000 15.000 13.496 21.312
30.000 36.000 10.578 16.664];

% Station coordinates.
xcrd=A(:,1);
ycrd=A(:,2);

% Arrival times for earthquakes 1 and 2.
tq1=A(:,3);
tq2=A(:,4);
