A = [4.000     0.878     0.378
     8.000     1.683     0.683
    12.000     2.438     0.938
    16.000     3.231     1.231
    20.000     3.954     1.454
    24.000     4.681     1.681
    28.000     5.422     1.922
    32.000     6.079     2.079
    36.000     6.735     2.235
    40.000     7.397     2.397  
    44.000     7.990     2.490 
    48.000     8.703     2.703
    52.000     9.437     2.937
    56.000    10.085     3.085
    60.000    10.759     3.259
    64.000    11.290     3.290 
    68.000    12.110     3.610 
    72.000    12.767     3.767
    76.000    13.282     3.782 
    80.000    14.139     4.139 
    84.000    14.647     4.147 
    88.000    15.398     4.398
    92.000    16.027     4.527 
    96.000    16.479     4.479 
   100.000    17.261     4.761
   104.000    17.762     4.762
   108.000    18.250     4.750
   112.000    19.091     5.091
   116.000    19.576     5.076
   120.000    20.176     5.176
   124.000    20.857     5.357 
   128.000    21.427     5.427 
   132.000    22.171     5.671 
   136.000    22.568     5.568
   140.000    23.037     5.537
   144.000    23.870     5.870 
   148.000    24.481     5.981
   152.000    25.299     6.299
   156.000    25.584     6.084
   160.000    26.139     6.139 
   164.000    26.864     6.364 
   168.000    26.994     5.994 
   172.000    27.660     6.160
   176.000    28.185     6.185
   180.000    28.782     6.282 
   184.000    29.182     6.182
   188.000    29.775     6.275
   192.000    30.459     6.459 
   196.000    30.907     6.407
   200.000    31.169     6.169 
   204.000    31.712     6.212 
   208.000    32.152     6.152 
   212.000    33.161     6.661 
   216.000    33.217     6.217 
   220.000    33.840     6.340 
   224.000    34.000     6.000 
   228.000    34.793     6.293 
   232.000    35.358     6.358 
   236.000    35.963     6.463
   240.000    36.271     6.271];
% Distance from source.
x=A(:,1);
% Absolute time of first arrival.
t=A(:,2);
% Time of first arrival reduced by 8 km/s.
tred=A(:,3);
