schoolarchive/Eosc450/assignment 2/Gravity field/example.grd
DSAA
 100 100
 -4.000000 4.000000
 -5.000000 5.000000
 -0.999998 0.999956
[rows 54 to 80 of 100, columns 0 to 59 of 100]
-0.633946 -0.693925 -0.74942 -0.800075 -0.845569 -0.885614 -0.919957 -0.948383 -0.970715 -0.986818 -0.996596 -0.999997 -0.997007 -0.987657 -0.972019 -0.950206 -0.92237 -0.888704 -0.849441 -0.804845 -0.755221 -0.700902 -0.642255 -0.579674 -0.513577 -0.444406 -0.372625 -0.298712 -0.223159 -0.14647 -0.0691556 0.00827085 0.0852945 0.161404 0.236093 0.308867 0.379243 0.446754 0.510953 0.571414 0.627737 0.679548 0.726504 0.768295 0.804643 0.835309 0.860088 0.878818 0.891374 0.897672 0.897672 0.891374 0.878818 0.860088 0.835309 0.804643 0.768295 0.726504 0.679548 0.627737
-0.624111 -0.684573 -0.740631 -0.791932 -0.838152 -0.879003 -0.914231 -0.94362 -0.966992 -0.984208 -0.995171 -0.999825 -0.998153 -0.990184 -0.975983 -0.955661 -0.929367 -0.897287 -0.859647 -0.816711 -0.768774 -0.716167 -0.659248 -0.598405 -0.534053 -0.466626 -0.396582 -0.324391 -0.250542 -0.175531 -0.0998613 -0.0240418 0.0514192 0.126016 0.199249 0.270628 0.339676 0.405931 0.46895 0.528313 0.583623 0.634512 0.680638 0.721696 0.757411 0.787544 0.811895 0.830302 0.842642 0.848833 0.848833 0.842642 0.830302 0.811895 0.787544 0.757411 0.721696 0.680638 0.634512 0.583623
-0.612218 -0.67324 -0.729955 -0.782009 -0.82908 -0.870876 -0.907144 -0.937665 -0.962259 -0.980786 -0.993145 -0.999276 -0.999161 -0.99282 -0.980318 -0.961759 -0.937285 -0.907079 -0.871362 -0.830388 -0.784448 -0.733866 -0.678993 -0.62021 -0.557924 -0.492562 -0.424575 -0.354426 -0.282596 -0.209572 -0.135853 -0.0619385 0.0116699 0.0844734 0.155979 0.225704 0.293177 0.357942 0.419563 0.477623 0.531732 0.581526 0.626669 0.666856 0.701819 0.731321 0.755164 0.773188 0.785272 0.791334 0.791334 0.785272 0.773188 0.755164 0.731321 0.701819 0.666856 0.626669 0.581526 0.531732
-0.598222 -0.659873 -0.717327 -0.770232 -0.818265 -0.861133 -0.898583 -0.930392 -0.95638 -0.976403 -0.990355 -0.998175 -0.999838 -0.995361 -0.984803 -0.968262 -0.945875 -0.917818 -0.884304 -0.845581 -0.801933 -0.753675 -0.70115 -0.644733 -0.58482 -0.521831 -0.456208 -0.388406 -0.318895 -0.248157 -0.17668 -0.104956 -0.0334782 0.0372627 0.106782 0.174604 0.240265 0.303315 0.363326 0.419888 0.472615 0.521149 0.565159 0.604346 0.638443 0.667218 0.690476 0.70806 0.719849 0.725764 0.725764 0.719849 0.70806 0.690476 0.667218 0.638443 0.604346 0.565159 0.521149 0.472615
-0.582077 -0.644411 -0.702676 -0.756517 -0.80561 -0.849665 -0.888424 -0.921664 -0.949202 -0.970888 -0.986617 -0.99632 -0.999968 -0.997574 -0.989189 -0.974906 -0.954854 -0.929203 -0.898157 -0.861957 -0.820878 -0.775226 -0.725336 -0.671572 -0.614322 -0.553998 -0.491028 -0.425861 -0.358957 -0.290787 -0.221829 -0.152567 -0.0834841 -0.0150617 0.0522242 0.117906 0.181529 0.242652 0.300853 0.355729 0.406902 0.454018 0.496754 0.534814 0.567937 0.595895 0.618495 0.635583 0.647041 0.652789 0.652789 0.647041 0.635583 0.618495 0.595895 0.567937 0.534814 0.496754 0.454018 0.406902
-0.563731 -0.626793 -0.685925 -0.740772 -0.791012 -0.836352 -0.876533 -0.91133 -0.940556 -0.96406 -0.981729 -0.993492 -0.999315 -0.999203 -0.993202 -0.981397 -0.963911 -0.940903 -0.912571 -0.879146 -0.840894 -0.798111 -0.751122 -0.700282 -0.645968 -0.588579 -0.528536 -0.466275 -0.402246 -0.336909 -0.270731 -0.204186 -0.137747 -0.0718839 -0.00706416 0.056255 0.117627 0.176621 0.232822 0.285836 0.335291 0.380841 0.422169 0.458984 0.491031 0.518086 0.539959 0.556499 0.56759 0.573154 0.573154 0.56759 0.556499 0.539959 0.518086 0.491031 0.458984 0.422169 0.380841 0.335291
-0.543135 -0.606954 -0.666996 -0.722906 -0.774362 -0.821069 -0.862767 -0.899229 -0.930265 -0.955719 -0.975476 -0.989457 -0.997623 -0.999974 -0.996547 -0.98742 -0.972708 -0.952561 -0.927167 -0.896749 -0.861561 -0.821888 -0.778047 -0.730379 -0.679251 -0.625051 -0.568187 -0.509083 -0.448178 -0.38592 -0.322766 -0.259175 -0.195611 -0.132533 -0.0703964 -0.00964851 0.0492745 0.105951 0.159975 0.210961 0.258546 0.302392 0.342186 0.377646 0.408521 0.434591 0.455672 0.471615 0.482307 0.487672 0.487672 0.482307 0.471615 0.455672 0.434591 0.408521 0.377646 0.342186 0.302392 0.258546
-0.520241 -0.584833 -0.645811 -0.702823 -0.755547 -0.803686 -0.846978 -0.885196 -0.918143 -0.945662 -0.967631 -0.983968 -0.994625 -0.999597 -0.998912 -0.992641 -0.980889 -0.963797 -0.941544 -0.91434 -0.88243 -0.846088 -0.805618 -0.761349 -0.713635 -0.662854 -0.609399 -0.553683 -0.496131 -0.437178 -0.377269 -0.316852 -0.256376 -0.19629 -0.137037 -0.0790524 -0.0227621 0.0314224 0.0831058 0.131912 0.177486 0.219498 0.257643 0.291645 0.321259 0.346271 0.3665 0.381801 0.392063 0.397213 0.397213 0.392063 0.381801 0.3665 0.346271 0.321259 0.291645 0.257643 0.219498 0.177486
-0.495006 -0.560368 -0.622294 -0.680431 -0.734456 -0.784073 -0.829018 -0.86906 -0.904 -0.933676 -0.957962 -0.976769 -0.990043 -0.99777 -0.999973 -0.996712 -0.988082 -0.974216 -0.95528 -0.931475 -0.903033 -0.870216 -0.833316 -0.792648 -0.748555 -0.701398 -0.65156 -0.599439 -0.545446 -0.490004 -0.433543 -0.376497 -0.319303 -0.262397 -0.206209 -0.151163 -0.0976722 -0.0461379 0.00305577 0.0495425 0.0929769 0.133037 0.169427 0.201878 0.23015 0.254035 0.273357 0.287974 0.297779 0.3027 0.3027 0.297779 0.287974 0.273357 0.254035 0.23015 0.201878 0.169427 0.133037 0.0929769
-0.467392 -0.533507 -0.596374 -0.65564 -0.710982 -0.762104 -0.808739 -0.850654 -0.887646 -0.91955 -0.946234 -0.967601 -0.983593 -0.994187 -0.999398 -0.999275 -0.993905 -0.983409 -0.967943 -0.947696 -0.922886 -0.893763 -0.860606 -0.823717 -0.783423 -0.740074 -0.694036 -0.645693 -0.595443 -0.543692 -0.490858 -0.43736 -0.383621 -0.330062 -0.277102 -0.225151 -0.174611 -0.125869 -0.0792989 -0.035257 0.00592194 0.043925 0.0784644 0.109279 0.136136 0.158832 0.177198 0.191094 0.200417 0.205096 0.205096 0.200417 0.191094 0.177198 0.158832 0.136136 0.109279 0.0784644 0.043925 0.00592194
-0.43737 -0.504205 -0.567987 -0.628368 -0.685023 -0.737656 -0.785998 -0.829812 -0.868894 -0.903073 -0.932211 -0.956207 -0.974993 -0.98854 -0.996852 -0.999971 -0.997972 -0.990965 -0.979094 -0.962535 -0.941495 -0.916209 -0.886942 -0.853982 -0.817642 -0.778256 -0.736175 -0.691769 -0.645419 -0.597518 -0.548466 -0.49867 -0.448537 -0.398473 -0.348884 -0.300166 -0.252706 -0.206882 -0.163054 -0.121568 -0.0827464 -0.0468941 -0.0142895 0.0148139 0.0401908 0.0616447 0.0790098 0.0921522 0.10097 0.105397 0.105397 0.10097 0.0921522 0.0790098 0.0616447 0.0401908 0.0148139 -0.0142895 -0.0468941 -0.0827464
-0.404922 -0.472425 -0.537081 -0.598544 -0.656488 -0.710616 -0.760659 -0.806378 -0.847564 -0.884041 -0.915667 -0.942332 -0.963964 -0.980523 -0.992005 -0.998442 -0.999897 -0.996469 -0.988291 -0.975525 -0.958363 -0.937029 -0.911771 -0.882864 -0.850604 -0.81531 -0.777318 -0.736981 -0.694664 -0.650745 -0.605609 -0.559644 -0.513245 -0.466802 -0.420705 -0.375337 -0.331072 -0.288273 -0.247289 -0.208452 -0.172077 -0.138456 -0.107859 -0.0805311 -0.0566902 -0.0365262 -0.0201996 -0.00783992 0.000454689 0.00461849 0.00461849 0.000454689 -0.00783992 -0.0201996 -0.0365262 -0.0566902 -0.0805311 -0.107859 -0.138456 -0.172077
-0.370043 -0.438145 -0.503615 -0.566106 -0.625295 -0.680884 -0.732601 -0.780206 -0.823486 -0.862261 -0.896382 -0.925734 -0.950236 -0.96984 -0.984533 -0.994335 -0.999301 -0.999516 -0.995099 -0.986201 -0.973 -0.955704 -0.934546 -0.909786 -0.881705 -0.850604 -0.816804 -0.780642 -0.742465 -0.702635 -0.661521 -0.619495 -0.576934 -0.534215 -0.491711 -0.44979 -0.408813 -0.369128 -0.331072 -0.294965 -0.261109 -0.229787 -0.201259 -0.175761 -0.153503 -0.134668 -0.119412 -0.107859 -0.100104 -0.096211 -0.096211 -0.100104 -0.107859 -0.119412 -0.134668 -0.153503 -0.175761 -0.201259 -0.229787 -0.261109
-0.332744 -0.401359 -0.467563 -0.53101 -0.59138 -0.648372 -0.701715 -0.751165 -0.796506 -0.837553 -0.874152 -0.906181 -0.933551 -0.956207 -0.974124 -0.987313 -0.995816 -0.999708 -0.999095 -0.994111 -0.984922 -0.971721 -0.954726 -0.93418 -0.910347 -0.883513 -0.853982 -0.822072 -0.788115 -0.752456 -0.715445 -0.677439 -0.638798 -0.599882 -0.561049 -0.522652 -0.485036 -0.448537 -0.413476 -0.380161 -0.348884 -0.319915 -0.293504 -0.269879 -0.249242 -0.231769 -0.217609 -0.206882 -0.19968 -0.196064 -0.196064 -0.19968 -0.206882 -0.217609 -0.231769 -0.249242 -0.269879 -0.293504 -0.319915 -0.348884
-0.29305 -0.362076 -0.428916 -0.49323 -0.554695 -0.613014 -0.667912 -0.719142 -0.766487 -0.809757 -0.848791 -0.883462 -0.913673 -0.939358 -0.960486 -0.977054 -0.989095 -0.996669 -0.99987 -0.998818 -0.993665 -0.984587 -0.971788 -0.955492 -0.935949 -0.913427 -0.888212 -0.860606 -0.830922 -0.799488 -0.766636 -0.732707 -0.698042 -0.662987 -0.627881 -0.593063 -0.558863 -0.5256 -0.493583 -0.463108 -0.434453 -0.407877 -0.383621 -0.361901 -0.342913 -0.326825 -0.313781 -0.303895 -0.297256 -0.293922 -0.293922 -0.297256 -0.303895 -0.313781 -0.326825 -0.342913 -0.361901 -0.383621 -0.407877 -0.434453
-0.251009 -0.320325 -0.387688 -0.452758 -0.515215 -0.574761 -0.631121 -0.684046 -0.733315 -0.778733 -0.820136 -0.857388 -0.890384 -0.919052 -0.943348 -0.963261 -0.978809 -0.990043 -0.99704 -0.99991 -0.998786 -0.993831 -0.98523 -0.973194 -0.957954 -0.93976 -0.918881 -0.895601 -0.870216 -0.843035 -0.814372 -0.784551 -0.753896 -0.722734 -0.69139 -0.660185 -0.629433 -0.599439 -0.570499 -0.542894 -0.516889 -0.492733 -0.470655 -0.450863 -0.433543 -0.418857 -0.406941 -0.397906 -0.391836 -0.388787 -0.388787 -0.391836 -0.397906 -0.406941 -0.418857 -0.433543 -0.450863 -0.470655 -0.492733 -0.516889
-0.206687 -0.276158 -0.343912 -0.409611 -0.472936 -0.533591 -0.591299 -0.645811 -0.6969 -0.744369 -0.788048 -0.827795 -0.863497 -0.895072 -0.922468 -0.945662 -0.964661 -0.979503 -0.990252 -0.997001 -0.999872 -0.999009 -0.994582 -0.986785 -0.975831 -0.961953 -0.945403 -0.926444 -0.905357 -0.88243 -0.857961 -0.832254 -0.805618 -0.77836 -0.750788 -0.723208 -0.695918 -0.669208 -0.643358 -0.618636 -0.595294 -0.573571 -0.553683 -0.535829 -0.520187 -0.506911 -0.496131 -0.487952 -0.482455 -0.479693 -0.479693 -0.482455 -0.487952 -0.496131 -0.506911 -0.520187 -0.535829 -0.553683 -0.573571 -0.595294
-0.160174 -0.229649 -0.297645 -0.363828 -0.42788 -0.489505 -0.548428 -0.604396 -0.657181 -0.706581 -0.75242 -0.79455 -0.832852 -0.867234 -0.897635 -0.92402 -0.946386 -0.964756 -0.979182 -0.989743 -0.996544 -0.999715 -0.999408 -0.995801 -0.989089 -0.979488 -0.967229 -0.952561 -0.935743 -0.917045 -0.896749 -0.875139 -0.852504 -0.829137 -0.805328 -0.781365 -0.757529 -0.734097 -0.711333 -0.689492 -0.668813 -0.64952 -0.631822 -0.615907 -0.601943 -0.590077 -0.580433 -0.573111 -0.568187 -0.565712 -0.565712 -0.568187 -0.573111 -0.580433 -0.590077 -0.601943 -0.615907 -0.631822 -0.64952 -0.668813
-0.111581 -0.180896 -0.248971 -0.315476 -0.380096 -0.442536 -0.502519 -0.559793 -0.614127 -0.665314 -0.713175 -0.757555 -0.798326 -0.835389 -0.868673 -0.898134 -0.923755 -0.945547 -0.963549 -0.977825 -0.988465 -0.995583 -0.999315 -0.999821 -0.997278 -0.991886 -0.983856 -0.973419 -0.960816 -0.946298 -0.930128 -0.912571 -0.8939 -0.874388 -0.854309 -0.833933 -0.813526 -0.793348 -0.773649 -0.754669 -0.736636 -0.71976 -0.704239 -0.690252 -0.677957 -0.667494 -0.65898 -0.65251 -0.648156 -0.645968 -0.645968 -0.648156 -0.65251 -0.65898 -0.667494 -0.677957 -0.690252 -0.704239 -0.71976 -0.736636
-0.061047 -0.130023 -0.198 -0.26465 -0.329663 -0.392743 -0.453616 -0.512027 -0.567742 -0.620553 -0.670274 -0.716746 -0.759833 -0.799428 -0.83545 -0.867844 -0.896583 -0.921664 -0.943114 -0.960982 -0.975342 -0.986293 -0.993955 -0.99847 -0.999998 -0.99872 -0.99483 -0.98854 -0.980071 -0.969658 -0.957542 -0.943972 -0.929203 -0.913488 -0.897085 -0.880247 -0.863222 -0.846257 -0.829585 -0.813432 -0.798012 -0.783526 -0.770158 -0.758077 -0.747433 -0.738358 -0.730962 -0.725336 -0.721547 -0.719641 -0.719641 -0.721547 -0.725336 -0.730962 -0.738358 -0.747433 -0.758077 -0.770158 -0.783526 -0.798012
-0.00873337 -0.077181 -0.144869 -0.211475 -0.276689 -0.34022 -0.401794 -0.461153 -0.518065 -0.572316 -0.623716 -0.6721 -0.717327 -0.759281 -0.797871 -0.833034 -0.864728 -0.892942 -0.917687 -0.938997 -0.956934 -0.971578 -0.983035 -0.991428 -0.996902 -0.999618 -0.999753 -0.997499 -0.99306 -0.986651 -0.978496 -0.968824 -0.957871 -0.945875 -0.933073 -0.919703 -0.905997 -0.892184 -0.878483 -0.865108 -0.852257 -0.840119 -0.828869 -0.818663 -0.809643 -0.801933 -0.795638 -0.790842 -0.787608 -0.785981 -0.785981 -0.787608 -0.790842 -0.795638 -0.801933 -0.809643 -0.818663 -0.828869 -0.840119 -0.852257
0.0451714 -0.0225478 -0.0897452 -0.156103 -0.221316 -0.285093 -0.347162 -0.407267 -0.465171 -0.52066 -0.573539 -0.623637 -0.670807 -0.714926 -0.755893 -0.793635 -0.828101 -0.859265 -0.887127 -0.911707 -0.93305 -0.951224 -0.966316 -0.978433 -0.987703 -0.994268 -0.998288 -0.999937 -0.999399 -0.996872 -0.992559 -0.986674 -0.979432 -0.971053 -0.961759 -0.951768 -0.941298 -0.93056 -0.919761 -0.909098 -0.898757 -0.888915 -0.879734 -0.871362 -0.863931 -0.857558 -0.85234 -0.848356 -0.845666 -0.844311 -0.844311 -0.845666 -0.848356 -0.85234 -0.857558 -0.863931 -0.871362 -0.879734 -0.888915 -0.898757
0.100453 0.0336715 -0.0328237 -0.0987194 -0.163714 -0.227521 -0.289868 -0.350499 -0.409177 -0.465684 -0.519823 -0.571418 -0.620316 -0.666385 -0.709517 -0.749629 -0.78666 -0.820572 -0.85135 -0.879003 -0.903561 -0.925077 -0.94362 -0.959283 -0.972175 -0.982422 -0.990165 -0.995559 -0.998771 -0.99998 -0.999372 -0.997139 -0.993482 -0.988601 -0.982701 -0.975983 -0.968649 -0.960895 -0.952911 -0.944881 -0.936978 -0.929367 -0.922197 -0.915609 -0.909724 -0.90465 -0.90048 -0.897287 -0.895126 -0.894037 -0.894037 -0.895126 -0.897287 -0.90048 -0.90465 -0.909724 -0.915609 -0.922197 -0.929367 -0.936978
0.156873 0.0912444 0.0256711 -0.0395396 -0.104091 -0.167699 -0.230092 -0.291017 -0.350236 -0.407528 -0.462693 -0.515551 -0.565942 -0.613729 -0.658797 -0.70105 -0.740419 -0.776854 -0.810328 -0.840837 -0.868397 -0.893044 -0.914834 -0.933843 -0.950162 -0.9639 -0.975182 -0.984143 -0.990933 -0.995712 -0.998648 -0.999917 -0.999698 -0.998177 -0.99554 -0.991972 -0.987657 -0.982778 -0.977509 -0.972019 -0.96647 -0.961013 -0.955788 -0.950923 -0.946533 -0.942717 -0.93956 -0.937132 -0.935483 -0.934651 -0.934651 -0.935483 -0.937132 -0.93956 -0.942717 -0.946533 -0.950923 -0.955788 -0.961013 -0.96647
0.214166 0.149912 0.0854864 0.0211911 -0.0426822 -0.105853 -0.168053 -0.229028 -0.288542 -0.346372 -0.402315 -0.456187 -0.507824 -0.557082 -0.603836 -0.647984 -0.689446 -0.728162 -0.764093 -0.797222 -0.82755 -0.855099 -0.879911 -0.902044 -0.921575 -0.938595 -0.95321 -0.96554 -0.975716 -0.98388 -0.990182 -0.994781 -0.997838 -0.99952 -0.999998 -0.999439 -0.998014 -0.995886 -0.993218 -0.990165 -0.986873 -0.983484 -0.980126 -0.976917 -0.973962 -0.971355 -0.969173 -0.96748 -0.966325 -0.965739 -0.965739 -0.966325 -0.96748 -0.969173 -0.971355 -0.973962 -0.976917 -0.980126 -0.983484 -0.986873
0.272044 0.209388 0.146341 0.0831973 0.0202428 -0.0422456 -0.104003 -0.164777 -0.22433 -0.28244 -0.338902 -0.393527 -0.446147 -0.496612 -0.544791 -0.590573 -0.633868 -0.674606 -0.712737 -0.74823 -0.781075 -0.81128 -0.83887 -0.863889 -0.886398 -0.90647 -0.924196 -0.939679 -0.953031 -0.964377 -0.97385 -0.981589 -0.987742 -0.992456 -0.995885 -0.998183 -0.9995 -0.999989 -0.999795 -0.999061 -0.997921 -0.996503 -0.994925 -0.993296 -0.991713 -0.990259 -0.989009 -0.988019 -0.987334 -0.986984 -0.986984 -0.987334 -0.988019 -0.989009 -0.990259 -0.991713 -0.993296 -0.994925 -0.996503 -0.997921
0.330195 0.269365 0.207929 0.146175 0.0843844 0.0228286 -0.0382307 -0.0985434 -0.157873 -0.215996 -0.272707 -0.327814 -0.381144 -0.432542 -0.48187 -0.529011 -0.573865 -0.616352 -0.656411 -0.694 -0.729095 -0.761691 -0.7918 -0.819451 -0.844686 -0.867567 -0.888165 -0.906567 -0.922868 -0.937177 -0.949609 -0.960287 -0.969339 -0.976899 -0.983102 -0.988087 -0.99199 -0.994946 -0.997089 -0.998547 -0.999442 -0.99989 -0.999998 -0.999867 -0.999583 -0.999224 -0.998856 -0.998533 -0.998295 -0.998169 -0.998169 -0.998295 -0.998533 -0.998856 -0.999224 -0.999583 -0.999867 -0.999998 -0.99989 -0.999442
