schoolarchive/Eosc450/assignment 2/Gravity field/example.grd
DSAA
 100 100
 -4.000000 4.000000
 -5.000000 5.000000
 -0.999998 0.999956
[rows 0 to 26 of 100, columns 0 to 59 of 100]
0.992816 0.997567 0.999795 0.99959 0.997049 0.992275 0.98538 0.976479 0.965691 0.953142 0.938958 0.923267 0.906201 0.887891 0.868468 0.848062 0.826805 0.804823 0.782242 0.759185 0.735772 0.71212 0.68834 0.664542 0.640829 0.6173 0.59405 0.571169 0.548742 0.526848 0.505564 0.484958 0.465097 0.44604 0.427844 0.41056 0.394235 0.378913 0.364631 0.351425 0.339326 0.328362 0.318558 0.309935 0.30251 0.2963 0.291318 0.287572 0.285071 0.283819 0.283819 0.285071 0.287572 0.291318 0.2963 0.30251 0.309935 0.318558 0.328362 0.339326
0.999144 0.999956 0.998226 0.994056 0.987555 0.978838 0.968026 0.955245 0.940626 0.924302 0.906408 0.887081 0.866459 0.844681 0.821884 0.798205 0.773778 0.748734 0.723204 0.697312 0.671182 0.644931 0.618672 0.592514 0.566561 0.540912 0.51566 0.490893 0.466695 0.443143 0.420309 0.398261 0.377061 0.356765 0.337428 0.319096 0.301813 0.285618 0.270547 0.256631 0.243899 0.232374 0.22208 0.213033 0.205251 0.198746 0.193529 0.18961 0.186993 0.185684 0.185684 0.186993 0.18961 0.193529 0.198746 0.205251 0.213033 0.22208 0.232374 0.243899
0.999333 0.996133 0.990386 0.982206 0.971713 0.959034 0.944299 0.927647 0.909216 0.889148 0.867589 0.844681 0.820572 0.795404 0.769322 0.742466 0.714976 0.686986 0.65863 0.630035 0.601324 0.572616 0.544025 0.51566 0.487622 0.46001 0.432916 0.406424 0.380615 0.355563 0.331339 0.308004 0.285618 0.264233 0.243899 0.224658 0.20655 0.18961 0.173869 0.159355 0.146092 0.134102 0.123401 0.114007 0.105933 0.0991876 0.0937816 0.0897212 0.0870115 0.0856558 0.0856558 0.0870115 0.0897212 0.0937816 0.0991876 0.105933 0.114007 0.123401 0.134102 0.146092
0.993534 0.986276 0.976479 0.964268 0.949776 0.933141 0.914504 0.894013 0.871815 0.848062 0.822907 0.7965 0.768995 0.740541 0.711287 0.681377 0.650956 0.62016 0.589125 0.55798 0.526848 0.49585 0.465097 0.434697 0.404751 0.375355 0.346596 0.318558 0.291318 0.264945 0.239504 0.215056 0.191652 0.169342 0.148169 0.128171 0.109384 0.0918366 0.0755562 0.0605657 0.0468849 0.0345308 0.0235178 0.013858 0.00556131 -0.00136407 -0.00691167 -0.0110765 -0.0138551 -0.0152449 -0.0152449 -0.0138551 -0.0110765 -0.00691167 -0.00136407 0.00556131 0.013858 0.0235178 0.0345308 0.0468849
0.981941 0.970602 0.956746 0.94051 0.922037 0.901478 0.878984 0.854711 0.828818 0.801463 0.772807 0.743008 0.712224 0.680611 0.648322 0.615507 0.582309 0.548871 0.515327 0.481808 0.448438 0.415335 0.38261 0.35037 0.318712 0.287728 0.257504 0.228117 0.199641 0.172141 0.145677 0.120301 0.0960633 0.0730055 0.0511655 0.0305764 0.0112669 -0.00673821 -0.0234179 -0.0387542 -0.0527323 -0.0653398 -0.0765666 -0.0864045 -0.094847 -0.101889 -0.107527 -0.111758 -0.114579 -0.11599 -0.11599 -0.114579 -0.111758 -0.107527 -0.101889 -0.094847 -0.0864045 -0.0765666 -0.0653398 -0.0527323
0.964788 0.949369 0.931468 0.911236 0.888827 0.8644 0.838118 0.810147 0.780653 0.749804 0.717766 0.684705 0.650784 0.616164 0.581002 0.545449 0.509653 0.473757 0.437897 0.402202 0.366796 0.331796 0.297311 0.263443 0.230287 0.197932 0.166457 0.135937 0.106438 0.0780202 0.0507376 0.0246377 -0.000237996 -0.023853 -0.046176 -0.0671804 -0.0868439 -0.105148 -0.122078 -0.137621 -0.151767 -0.164511 -0.175846 -0.185769 -0.194277 -0.201368 -0.207042 -0.211297 -0.214134 -0.215553 -0.215553 -0.214134 -0.211297 -0.207042 -0.201368 -0.194277 -0.185769 -0.175846 -0.164511 -0.151767
0.94234 0.922867 0.900963 0.876787 0.850508 0.822294 0.792318 0.760755 0.72778 0.693567 0.658291 0.622121 0.585228 0.547774 0.509921 0.471823 0.433628 0.395481 0.357516 0.319863 0.282644 0.245973 0.209956 0.174691 0.14027 0.106775 0.0742811 0.0428569 0.0125626 -0.0165482 -0.0444288 -0.0710386 -0.0963429 -0.120313 -0.142924 -0.164157 -0.183997 -0.202432 -0.219454 -0.235057 -0.249237 -0.261994 -0.273326 -0.283236 -0.291724 -0.298794 -0.304446 -0.308683 -0.311507 -0.312918 -0.312918 -0.311507 -0.308683 -0.304446 -0.298794 -0.291724 -0.283236 -0.273326 -0.261994 -0.249237
0.914898 0.89142 0.865573 0.837532 0.807473 0.775575 0.742022 0.706997 0.670682 0.633259 0.594909 0.555807 0.516125 0.476034 0.435693 0.395261 0.354887 0.314714 0.274876 0.235502 0.19671 0.158611 0.121307 0.0848931 0.0494538 0.0150666 -0.0181996 -0.0502838 -0.0811325 -0.1107 -0.138946 -0.165839 -0.191352 -0.215464 -0.238159 -0.259425 -0.279255 -0.297645 -0.314594 -0.330103 -0.344175 -0.356816 -0.368031 -0.377825 -0.386206 -0.393179 -0.39875 -0.402924 -0.405704 -0.407093 -0.407093 -0.405704 -0.402924 -0.39875 -0.393179 -0.386206 -0.377825 -0.368031 -0.356816 -0.344175
0.882787 0.855375 0.825672 0.793864 0.760137 0.724682 0.687691 0.649354 0.609862 0.569404 0.528165 0.486325 0.444062 0.401546 0.358942 0.316406 0.27409 0.232134 0.190672 0.149829 0.10972 0.0704529 0.0321242 -0.00517736 -0.0413726 -0.076391 -0.110171 -0.142659 -0.173809 -0.203584 -0.231954 -0.258894 -0.284386 -0.308418 -0.330983 -0.352079 -0.371705 -0.389868 -0.406572 -0.421828 -0.435646 -0.448037 -0.459014 -0.468587 -0.476768 -0.483569 -0.488997 -0.493061 -0.495767 -0.497119 -0.497119 -0.495767 -0.493061 -0.488997 -0.483569 -0.476768 -0.468587 -0.459014 -0.448037 -0.435646
0.846358 0.815104 0.781652 0.746197 0.708936 0.670071 0.629799 0.588322 0.545837 0.502537 0.458613 0.414251 0.36963 0.324922 0.280294 0.235902 0.191897 0.148418 0.105596 0.0635518 0.0223977 -0.017765 -0.0568445 -0.094759 -0.131436 -0.166813 -0.200836 -0.233461 -0.26465 -0.294376 -0.322616 -0.349358 -0.374591 -0.398315 -0.42053 -0.441245 -0.460469 -0.478215 -0.494499 -0.509338 -0.52275 -0.534755 -0.54537 -0.554613 -0.562501 -0.56905 -0.574272 -0.578179 -0.580778 -0.582077 -0.582077 -0.580778 -0.578179 -0.574272 -0.56905 -0.562501 -0.554613 -0.54537 -0.534755 -0.52275
0.805979 0.770998 0.733923 0.694961 0.65432 0.612209 0.568836 0.524409 0.47913 0.433201 0.386815 0.340161 0.293421 0.24677 0.200374 0.154389 0.108963 0.0642339 0.020329 -0.0226348 -0.0645511 -0.105324 -0.144869 -0.183111 -0.219986 -0.255439 -0.289426 -0.321911 -0.352869 -0.382279 -0.410131 -0.436422 -0.461153 -0.484333 -0.505973 -0.526091 -0.544708 -0.561845 -0.577528 -0.591783 -0.604636 -0.616113 -0.626241 -0.635044 -0.642543 -0.64876 -0.653711 -0.657412 -0.659873 -0.661101 -0.661101 -0.659873 -0.657412 -0.653711 -0.64876 -0.642543 -0.635044 -0.626241 -0.616113 -0.604636
0.762036 0.723459 0.682907 0.640597 0.596746 0.551574 0.505295 0.458124 0.41027 0.361939 0.313327 0.264629 0.216026 0.167694 0.119798 0.0724951 0.0259294 -0.0197645 -0.0644635 -0.108056 -0.150441 -0.191529 -0.231245 -0.26952 -0.3063 -0.341539 -0.375203 -0.407267 -0.437715 -0.466538 -0.493738 -0.519321 -0.543301 -0.565697 -0.586532 -0.605836 -0.623637 -0.63997 -0.654869 -0.668369 -0.680506 -0.691315 -0.700828 -0.709077 -0.716091 -0.721894 -0.72651 -0.729955 -0.732244 -0.733387 -0.733387 -0.732244 -0.729955 -0.72651 -0.721894 -0.716091 -0.709077 -0.700828 -0.691315 -0.680506
0.714924 0.672901 0.629035 0.583552 0.53668 0.488645 0.439672 0.389978 0.339781 0.28929 0.238704 0.18822 0.138021 0.0882819 0.0391681 -0.00916721 -0.056582 -0.102946 -0.148141 -0.192061 -0.234613 -0.275716 -0.3153 -0.353307 -0.389693 -0.424423 -0.457472 -0.488827 -0.518484 -0.546445 -0.572723 -0.597338 -0.620316 -0.641686 -0.661485 -0.679752 -0.696529 -0.71186 -0.72579 -0.738365 -0.749629 -0.759626 -0.768396 -0.775979 -0.782409 -0.787718 -0.791932 -0.795072 -0.797157 -0.798196 -0.798196 -0.797157 -0.795072 -0.791932 -0.787718 -0.782409 -0.775979 -0.768396 -0.759626 -0.749629
0.665046 0.619744 0.572742 0.524277 0.474586 0.423902 0.372458 0.320477 0.268182 0.215783 0.163486 0.111486 0.0599683 0.00910654 -0.0409361 -0.090009 -0.137974 -0.184706 -0.230092 -0.274034 -0.316446 -0.357255 -0.3964 -0.433836 -0.469526 -0.503446 -0.535586 -0.565942 -0.594523 -0.621344 -0.646432 -0.669817 -0.691539 -0.71164 -0.73017 -0.747179 -0.762722 -0.776854 -0.789631 -0.801109 -0.811343 -0.820385 -0.828285 -0.835088 -0.840837 -0.845569 -0.849316 -0.852103 -0.853949 -0.854869 -0.854869 -0.853949 -0.852103 -0.849316 -0.845569 -0.840837 -0.835088 -0.828285 -0.820385 -0.811343
0.612809 0.564407 0.514461 0.463218 0.410922 0.357816 0.304137 0.250115 0.195976 0.141934 0.0881973 0.0349604 -0.0175911 -0.0692846 -0.11996 -0.16947 -0.217681 -0.264473 -0.309742 -0.353395 -0.395356 -0.43556 -0.473959 -0.510515 -0.545204 -0.578016 -0.60895 -0.638017 -0.665238 -0.690643 -0.71427 -0.736164 -0.756378 -0.774969 -0.791997 -0.807528 -0.821628 -0.834364 -0.845805 -0.856016 -0.865064 -0.873009 -0.879911 -0.885823 -0.890795 -0.89487 -0.898084 -0.900468 -0.902044 -0.902829 -0.902829 -0.902044 -0.900468 -0.898084 -0.89487 -0.890795 -0.885823 -0.879911 -0.873009 -0.865064
0.558618 0.507309 0.454623 0.400817 0.346143 0.29085 0.235181 0.179373 0.123653 0.0682392 0.0133399 -0.0408488 -0.0941431 -0.146372 -0.197379 -0.247022 -0.295171 -0.341715 -0.386554 -0.429607 -0.470805 -0.510094 -0.547437 -0.582807 -0.616193 -0.647596 -0.677031 -0.70452 -0.730098 -0.753811 -0.77571 -0.795855 -0.814312 -0.831152 -0.846451 -0.860286 -0.872736 -0.883883 -0.893806 -0.902584 -0.910291 -0.917 -0.922779 -0.92769 -0.93179 -0.935128 -0.937746 -0.939679 -0.940953 -0.941585 -0.941585 -0.940953 -0.939679 -0.937746 -0.935128 -0.93179 -0.92769 -0.922779 -0.917 -0.910291
0.502874 0.44886 0.393649 0.337504 0.280686 0.22345 0.166045 0.108711 0.0516788 -0.00483057 -0.0606091 -0.115461 -0.169204 -0.22167 -0.272707 -0.322176 -0.369956 -0.415941 -0.460041 -0.502182 -0.542307 -0.580372 -0.616352 -0.650232 -0.682014 -0.711714 -0.739357 -0.764984 -0.788642 -0.810392 -0.8303 -0.848441 -0.864896 -0.879751 -0.893095 -0.90502 -0.915621 -0.924989 -0.933217 -0.940397 -0.946613 -0.95195 -0.956484 -0.960287 -0.963421 -0.965944 -0.967904 -0.969339 -0.970279 -0.970744 -0.970744 -0.970279 -0.969339 -0.967904 -0.965944 -0.963421 -0.960287 -0.956484 -0.95195 -0.946613
0.445969 0.389464 0.331949 0.273696 0.214975 0.156045 0.0971614 0.0385673 -0.0195037 -0.0768299 -0.133203 -0.188428 -0.242325 -0.294729 -0.345493 -0.394485 -0.441589 -0.486708 -0.529761 -0.570684 -0.609429 -0.645966 -0.68028 -0.712372 -0.742255 -0.769961 -0.795529 -0.819014 -0.84048 -0.860002 -0.877663 -0.893553 -0.907767 -0.920408 -0.931579 -0.941388 -0.949941 -0.957346 -0.963709 -0.969131 -0.973712 -0.977544 -0.980715 -0.983304 -0.985384 -0.987017 -0.988258 -0.98915 -0.989725 -0.990008 -0.990008 -0.989725 -0.98915 -0.988258 -0.987017 -0.985384 -0.983304 -0.980715 -0.977544 -0.973712
0.388287 0.329508 0.269916 0.209794 0.149414 0.089044 0.0289419 -0.030645 -0.0894814 -0.147345 -0.204028 -0.259336 -0.313094 -0.365141 -0.415334 -0.463548 -0.509674 -0.553625 -0.595328 -0.63473 -0.671796 -0.706507 -0.738861 -0.768873 -0.796571 -0.822 -0.845216 -0.86629 -0.8853 -0.902339 -0.917504 -0.930902 -0.942646 -0.952851 -0.961639 -0.969131 -0.975449 -0.980715 -0.985046 -0.988559 -0.991363 -0.993564 -0.995257 -0.996534 -0.997472 -0.998144 -0.998608 -0.998913 -0.999096 -0.999181 -0.999181 -0.999096 -0.998913 -0.998608 -0.998144 -0.997472 -0.996534 -0.995257 -0.993564 -0.991363
0.330195 0.269365 0.207929 0.146175 0.0843844 0.0228286 -0.0382307 -0.0985434 -0.157873 -0.215996 -0.272707 -0.327814 -0.381144 -0.432542 -0.48187 -0.529011 -0.573865 -0.616352 -0.656411 -0.694 -0.729095 -0.761691 -0.7918 -0.819451 -0.844686 -0.867567 -0.888165 -0.906567 -0.922868 -0.937177 -0.949609 -0.960287 -0.969339 -0.976899 -0.983102 -0.988087 -0.99199 -0.994946 -0.997089 -0.998547 -0.999442 -0.99989 -0.999998 -0.999867 -0.999583 -0.999224 -0.998856 -0.998533 -0.998295 -0.998169 -0.998169 -0.998295 -0.998533 -0.998856 -0.999224 -0.999583 -0.999867 -0.999998 -0.99989 -0.999442
0.272044 0.209388 0.146341 0.0831973 0.0202428 -0.0422456 -0.104003 -0.164777 -0.22433 -0.28244 -0.338902 -0.393527 -0.446147 -0.496612 -0.544791 -0.590573 -0.633868 -0.674606 -0.712737 -0.74823 -0.781075 -0.81128 -0.83887 -0.863889 -0.886398 -0.90647 -0.924196 -0.939679 -0.953031 -0.964377 -0.97385 -0.981589 -0.987742 -0.992456 -0.995885 -0.998183 -0.9995 -0.999989 -0.999795 -0.999061 -0.997921 -0.996503 -0.994925 -0.993296 -0.991713 -0.990259 -0.989009 -0.988019 -0.987334 -0.986984 -0.986984 -0.987334 -0.988019 -0.989009 -0.990259 -0.991713 -0.993296 -0.994925 -0.996503 -0.997921
0.214166 0.149912 0.0854864 0.0211911 -0.0426822 -0.105853 -0.168053 -0.229028 -0.288542 -0.346372 -0.402315 -0.456187 -0.507824 -0.557082 -0.603836 -0.647984 -0.689446 -0.728162 -0.764093 -0.797222 -0.82755 -0.855099 -0.879911 -0.902044 -0.921575 -0.938595 -0.95321 -0.96554 -0.975716 -0.98388 -0.990182 -0.994781 -0.997838 -0.99952 -0.999998 -0.999439 -0.998014 -0.995886 -0.993218 -0.990165 -0.986873 -0.983484 -0.980126 -0.976917 -0.973962 -0.971355 -0.969173 -0.96748 -0.966325 -0.965739 -0.965739 -0.966325 -0.96748 -0.969173 -0.971355 -0.973962 -0.976917 -0.980126 -0.983484 -0.986873
0.156873 0.0912444 0.0256711 -0.0395396 -0.104091 -0.167699 -0.230092 -0.291017 -0.350236 -0.407528 -0.462693 -0.515551 -0.565942 -0.613729 -0.658797 -0.70105 -0.740419 -0.776854 -0.810328 -0.840837 -0.868397 -0.893044 -0.914834 -0.933843 -0.950162 -0.9639 -0.975182 -0.984143 -0.990933 -0.995712 -0.998648 -0.999917 -0.999698 -0.998177 -0.99554 -0.991972 -0.987657 -0.982778 -0.977509 -0.972019 -0.96647 -0.961013 -0.955788 -0.950923 -0.946533 -0.942717 -0.93956 -0.937132 -0.935483 -0.934651 -0.934651 -0.935483 -0.937132 -0.93956 -0.942717 -0.946533 -0.950923 -0.955788 -0.961013 -0.96647
0.100453 0.0336715 -0.0328237 -0.0987194 -0.163714 -0.227521 -0.289868 -0.350499 -0.409177 -0.465684 -0.519823 -0.571418 -0.620316 -0.666385 -0.709517 -0.749629 -0.78666 -0.820572 -0.85135 -0.879003 -0.903561 -0.925077 -0.94362 -0.959283 -0.972175 -0.982422 -0.990165 -0.995559 -0.998771 -0.99998 -0.999372 -0.997139 -0.993482 -0.988601 -0.982701 -0.975983 -0.968649 -0.960895 -0.952911 -0.944881 -0.936978 -0.929367 -0.922197 -0.915609 -0.909724 -0.90465 -0.90048 -0.897287 -0.895126 -0.894037 -0.894037 -0.895126 -0.897287 -0.90048 -0.90465 -0.909724 -0.915609 -0.922197 -0.929367 -0.936978
0.0451714 -0.0225478 -0.0897452 -0.156103 -0.221316 -0.285093 -0.347162 -0.407267 -0.465171 -0.52066 -0.573539 -0.623637 -0.670807 -0.714926 -0.755893 -0.793635 -0.828101 -0.859265 -0.887127 -0.911707 -0.93305 -0.951224 -0.966316 -0.978433 -0.987703 -0.994268 -0.998288 -0.999937 -0.999399 -0.996872 -0.992559 -0.986674 -0.979432 -0.971053 -0.961759 -0.951768 -0.941298 -0.93056 -0.919761 -0.909098 -0.898757 -0.888915 -0.879734 -0.871362 -0.863931 -0.857558 -0.85234 -0.848356 -0.845666 -0.844311 -0.844311 -0.845666 -0.848356 -0.85234 -0.857558 -0.863931 -0.871362 -0.879734 -0.888915 -0.898757
-0.00873337 -0.077181 -0.144869 -0.211475 -0.276689 -0.34022 -0.401794 -0.461153 -0.518065 -0.572316 -0.623716 -0.6721 -0.717327 -0.759281 -0.797871 -0.833034 -0.864728 -0.892942 -0.917687 -0.938997 -0.956934 -0.971578 -0.983035 -0.991428 -0.996902 -0.999618 -0.999753 -0.997499 -0.99306 -0.986651 -0.978496 -0.968824 -0.957871 -0.945875 -0.933073 -0.919703 -0.905997 -0.892184 -0.878483 -0.865108 -0.852257 -0.840119 -0.828869 -0.818663 -0.809643 -0.801933 -0.795638 -0.790842 -0.787608 -0.785981 -0.785981 -0.787608 -0.790842 -0.795638 -0.801933 -0.809643 -0.818663 -0.828869 -0.840119 -0.852257
-0.061047 -0.130023 -0.198 -0.26465 -0.329663 -0.392743 -0.453616 -0.512027 -0.567742 -0.620553 -0.670274 -0.716746 -0.759833 -0.799428 -0.83545 -0.867844 -0.896583 -0.921664 -0.943114 -0.960982 -0.975342 -0.986293 -0.993955 -0.99847 -0.999998 -0.99872 -0.99483 -0.98854 -0.980071 -0.969658 -0.957542 -0.943972 -0.929203 -0.913488 -0.897085 -0.880247 -0.863222 -0.846257 -0.829585 -0.813432 -0.798012 -0.783526 -0.770158 -0.758077 -0.747433 -0.738358 -0.730962 -0.725336 -0.721547 -0.719641 -0.719641 -0.721547 -0.725336 -0.730962 -0.738358 -0.747433 -0.758077 -0.770158 -0.783526 -0.798012
